17.5420637 78.5712346
17.5420637 78.5712346
17.5428207 78.5717067
17.5431787 78.571889
17.5434754 78.5711917
17.5440278 78.5701188
17.5423501 78.5705964
17.5421557 78.57102
17.5428105 78.5695931
17.5432401 78.5690781
17.5438028 78.5687777
17.5431563 78.5684938
17.5444063 78.5686704
17.5449383 78.5687348
17.545367 78.5689544
17.5452688 78.5696512
17.5453468 78.5699167
17.5460923 78.5703499
17.5463045 78.5703083
17.5467807 78.5697731
17.5462579 78.5694107
17.5468307 78.5698077
17.5471888 78.5703012
17.5473013 78.5707089
17.547332 78.5712453
17.5469713 78.5721122
17.547044 78.5721697
17.5470954 78.5722485
17.5471201 78.5723404
17.5471155 78.5724358
17.5470802 78.572528
17.5472604 78.572522
17.5474317 78.5724845
17.5477591 78.5722538
17.5490736 78.5713472
17.5496413 78.5710415
17.5503318 78.5706391
17.5512115 78.56999
17.5516258 78.569577
17.5521578 78.5689225
17.5523981 78.5686919
17.5531193 78.5682198
17.5541729 78.5675278
17.5539351 78.5671174
17.5535745 78.5662349
17.5533699 78.5657951
17.5531551 78.5655054
17.5528636 78.5652425
17.5524544 78.5648241
17.5522602 78.5646427
17.5526664 78.5640272
17.5532463 78.5631487
17.5539431 78.5635967
17.5521271 78.5645183
17.55159 78.5639873
17.5511604 78.5635527
17.5510566 78.563333
17.5504206 78.5632863
17.5503043 78.5633346
17.5501777 78.5635022
17.5500664 78.5637637
17.5499424 78.5640735
17.549844 78.5644692
17.5497954 78.5645429
17.5495626 78.5644759
17.5492455 78.5643934
17.5492468 78.5659806
17.5479988 78.5657794
17.5476612 78.5656051
17.5466383 78.5655219
17.5461562 78.5654616
17.546107 78.5652678
17.5460322 78.5653771
17.5469757 78.5642162
17.5469858 78.5642271
17.547018 78.5641694
17.5490192 78.5620538
17.549447 78.5616102
17.5478686 78.5612904
17.5478378 78.5614579
17.5479384 78.5609118
17.548685 78.5610628
17.5490598 78.5611385
17.5497635 78.5612808
17.5498128 78.5612329
17.5490723 78.561081
17.548698 78.5610042
17.5474052 78.560739
17.5474801 78.5603414
17.5476674 78.559347
17.5477395 78.5589644
17.546469 78.5586967
17.5460775 78.5586142
17.5457145 78.5585377
17.5457493 78.5583504
17.5456708 78.5583343
17.5456359 78.558522
17.5455726 78.5588623
17.5455139 78.5591777
17.5454627 78.5594531
17.5451194 78.5593827
17.5450624 78.5596882
17.5448095 78.5610431
17.5444187 78.5609629
17.5445607 78.5602021
17.5446129 78.5599224
17.5451537 78.5611138
17.5452321 78.5611299
17.5453694 78.5603923
17.5457396 78.5604672
17.5475574 78.5608347
17.547484 78.5612265
17.5474573 78.561369
17.5456675 78.560852
17.5455916 78.5612566
17.5455227 78.5616243
17.545447 78.5620279
17.5462941 78.5622026
17.5462262 78.5625645
17.5461696 78.5628665
17.5461178 78.5631429
17.5460478 78.5635167
17.545196 78.5633411
17.5452661 78.5629673
17.5449041 78.5628927
17.5449556 78.5626162
17.5447634 78.5636489
17.5446849 78.5636333
17.5447539 78.5632626
17.5444047 78.5631939
17.544471 78.5628232
17.5445365 78.5624573
17.5447201 78.5614312
17.5443583 78.56136
17.543038 78.5611001
17.5442867 78.5617597
17.5426397 78.563228
17.5426167 78.5633245
17.543751 78.5635263
17.5436846 78.5639216
17.5433256 78.5638536
17.5429693 78.5637862
17.5425566 78.5637081
17.5441186 78.5635955
17.5440541 78.5640063
17.5453731 78.5603724
17.5453821 78.5603239
17.547036 78.5606632
17.5481164 78.5590438
17.5480658 78.5593077
17.5479967 78.5596687
17.5501406 78.5608892
17.5497679 78.5600028
17.5494328 78.5592665
17.5491196 78.5586175
17.5489491 78.5582671
17.5486948 78.5583548
17.5484378 78.5585587
17.5482498 78.5585278
17.547902 78.5583883
17.5474673 78.5582717
17.5468931 78.5582113
17.5463318 78.5582127
17.5457691 78.5580383
17.5453433 78.5578157
17.5450863 78.5577165
17.5447871 78.5575569
17.5445339 78.5575327
17.5440467 78.5575971
17.5439252 78.5576239
17.5433025 78.5575703
17.5427885 78.557609
17.5425365 78.5576279
17.5424266 78.5576762
17.5421385 78.5578053
17.5414506 78.5577503
17.541195 78.558303
17.5405068 78.5580963
17.5397268 78.5579059
17.5393994 78.5575357
17.5389838 78.5569872
17.5388372 78.5566358
17.5387126 78.557079
17.5386974 78.5573171
17.5388496 78.557643
17.5388379 78.5584899
17.5388305 78.5590243
17.5388246 78.5594468
17.5408917 78.5594549
17.5410267 78.5588958
17.5413742 78.5589849
17.5414077 78.5588412
17.5417773 78.558936
17.5417114 78.5592188
17.5415643 78.559181
17.5413417 78.5591239
17.5414314 78.5595853
17.5416596 78.5595866
17.5403751 78.5595792
17.5403687 78.5599712
17.5397741 78.5599658
17.538895 78.5599732
17.5383528 78.5599622
17.5377032 78.559949
17.5383566 78.5595675
17.5374996 78.5595625
17.5375011 78.5594471
17.5374845 78.5607354
17.5373544 78.560736
17.5372543 78.5607364
17.5373577 78.5614391
17.5378682 78.5614365
17.5380588 78.5614355
17.5382672 78.5614345
17.538648 78.5614325
17.5386473 78.5612842
17.5388339 78.5612876
17.5386447 78.56073
17.5380677 78.5607327
17.5392658 78.5607271
17.5401063 78.5607233
17.5401227 78.560592
17.5404793 78.5605777
17.540028 78.5613933
17.5396785 78.5633687
17.5386267 78.5633785
17.5382327 78.5633741
17.5379872 78.5633714
17.5544389 78.5679462
17.5550168 78.5688903
17.5554311 78.5695448
17.555738 78.5700759
17.5559323 78.5703924
17.556275 78.5709127
17.5566586 78.5714277
17.5569194 78.5716906
17.5573081 78.5719641
17.5577633 78.572227
17.5585152 78.5726293
17.559134 78.5729619
17.5596097 78.573198
17.5602694 78.5735359
17.561166 78.5740598
17.5640607 78.5706802
17.5646437 78.570176
17.5666178 78.5686846
17.5672398 78.5682523
17.5670584 78.568058
17.5683158 78.5675045
17.5689761 78.5673321
17.5686337 78.5670802
17.5676273 78.5671012
17.5675384 78.5665701
17.5657464 78.5667227
17.5656701 78.5661626
17.5668896 78.5660503
17.565398 78.5651824
17.5656733 78.5644668
17.5645701 78.5645887
17.5649262 78.5634801
17.5656422 78.5636963
17.5651671 78.5627303
17.5658236 78.5629654
17.5658187 78.5631575
17.5665029 78.5631498
17.5665081 78.5627747
17.5665154 78.5622491
17.5669117 78.5622672
17.5669767 78.56204
17.5678901 78.5622377
17.5678963 78.5620234
17.5679036 78.5615861
17.5679109 78.5611474
17.5679023 78.5607087
17.5679249 78.5601945
17.5679407 78.559836
17.5680058 78.5596616
17.5680788 78.5595543
17.5682783 78.5593693
17.5683243 78.5593532
17.5691106 78.5593626
17.5702106 78.5574292
17.5723384 78.560248
17.5730299 78.5596895
17.5731246 78.5597045
17.5733791 78.5619182
17.5736041 78.5625405
17.5737166 78.5630662
17.5737677 78.5635919
17.5736887 78.5660944
17.5736552 78.5671539
17.5736875 78.5672616
17.5733642 78.5676087
17.5738707 78.5678725
17.573889 78.5681383
17.5740484 78.5684117
17.5741399 78.5685069
17.5729065 78.5709051
17.5742404 78.5686382
17.5743604 78.5688037
17.5743985 78.5689591
17.5744364 78.5688799
17.5745311 78.568801
17.5745934 78.5687823
17.5746448 78.5687805
17.5744719 78.5686418
17.5747079 78.5687945
17.5747703 78.5688298
17.5748322 78.5689019
17.5728367 78.5663136
17.5715426 78.5666574
17.5713935 78.5661023
17.5717763 78.5659927
17.5712528 78.565579
17.5716893 78.5654589
17.571148 78.565144
17.5695751 78.5655786
17.5698758 78.5569758
17.5692276 78.5575231
17.5684267 78.5572712
17.567642 78.5570571
17.5677969 78.5562894
17.5680138 78.5555502
17.5681818 78.5552156
17.568455 78.5554231
17.5697973 78.5556522
17.5711278 78.5559145
17.5714918 78.5561267
17.5711366 78.5556799
17.5710554 78.5556741
17.5680606 78.5551241
17.5677547 78.555599
17.5676808 78.5557095
17.5674371 78.5556198
17.5672183 78.5555593
17.5669925 78.5555184
17.567253 78.5551429
17.5673854 78.5549791
17.5675999 78.5547225
17.5676818 78.5547838
17.5681413 78.5542847
17.5685008 78.5538347
17.568906 78.5542638
17.5679468 78.5532891
17.568162 78.5530525
17.5687255 78.5536034
17.5687709 78.5535566
17.5693379 78.5541471
17.5690582 78.5532608
17.5697787 78.554049
17.5692619 78.5530511
17.5694944 78.5528804
17.5696983 78.5523785
17.5698333 78.5523573
17.570056 78.5521308
17.5702922 78.5518264
17.5705149 78.5514725
17.5705823 78.5512955
17.5709018 78.5505248
17.5720308 78.5506907
17.5720717 78.5505727
17.5724873 78.5506429
17.5705867 78.5504835
17.5692323 78.5502436
17.5689644 78.5502061
17.5688212 78.5502061
17.568711 78.5502408
17.568976 78.5494063
17.5692294 78.5491318
17.5705339 78.5483367
17.5707377 78.548226
17.5713116 78.5479025
17.5700621 78.548214
17.5702427 78.5476718
17.5697256 78.5481105
17.5707578 78.5495787
17.5685968 78.5506072
17.5684095 78.5513219
17.5681303 78.5519783
17.5673779 78.5527223